{'TAR010c-02-1' : (0.219623777864376,0.225943648744851),
'TAR010c-07-1' : (0.209240936394074,0.454496925615571),
'TAR010c-09-1' : (0.354612576058464,0.544614450452308),
'TAR010c-11-1' : (0.215498508118099,0.502315359824066),
'TAR010c-12-1' : (0.240105813799454,0.170833544672807),
'TAR010c-13-1' : (0.688178363633957, 0.84080233152105),
'TAR010c-15-1' : (0.089681258030378,0.201420078997915),
'TAR010c-15-2' : (0.530999046108094,0.721607277581847),
'TAR010c-15-3' : (0.169632549539111,0.473755298499032),
'TAR010c-16-1' : (0.182771871650416,0.249577643213657),
'TAR010c-16-2' : (0.465673759458119,0.527840297880115),
'TAR010c-18-1' : (0.426284980329072,0.596698278703753),
'TAR010c-19-1' : (0.299766686058647,0.429738662668912),
'TAR010c-20-1' : (0.464471001769272,0.632515268475058),
'TAR010c-20-2' : (0.126117234018656,0.270381520728528),
'TAR010c-21-1' : (0.330413915664342,0.586664105379994),
'TAR010c-21-2' : (0.661325768608662,0.824181866153898),
'TAR010c-23-1' : ( 0.20214239834829,0.392360997203071),
'TAR010c-24-1' : ( 0.32339905010357,0.242127657922396),
'TAR010c-24-2' : (0.247919698974803,0.207555991034509),
'TAR010c-27-1' : (0.217989168388459,0.274387774233371),
'TAR010c-29-1' : ( 0.58153126492243, 0.41014694698522),
'TAR010c-30-1' : ( 0.47266692203556, 0.72375122029293),
'TAR010c-33-1' : (0.0955057490309024,0.194514723010389),
'TAR010c-33-2' : (0.551445868770204,0.587035387873126),
'TAR010c-35-1' : (0.339915258527375,0.274626242374267),
'TAR010c-36-1' : (0.515267288577141,0.543821779234812),
'TAR010c-36-2' : (0.555545321073088,0.523585393851477),
'TAR010c-36-3' : (0.189286996312301,0.335456553255533),
'TAR010c-38-1' : (0.363431088871435,0.632035468625684),
'TAR010c-40-1' : (0.477794747666548,0.736816334826353),
'TAR010c-42-1' : (0.161776575870462,0.358037190691179),
'TAR010c-42-2' : (0.213478454731309,0.428793808564934),
'TAR010c-43-1' : (0.386487061729104, 0.65094972084573),
'TAR010c-45-1' : (0.160137558528086,0.438589527106701),
'TAR010c-45-2' : (0.114945162464512,0.245227702666235),
'TAR010c-45-3' : (0.101604055953994,  0.1802341578329),
'TAR010c-47-1' : (0.0928457513774624,0.306358917864527),
'TAR010c-50-1' : ( 0.10423148711147,0.162936979779327),
'TAR010c-50-2' : (0.110599851472106, 0.21367215256135),
'TAR010c-51-1' : (0.246324473879483,0.311695591138644),
'TAR010c-52-1' : (0.135116761064946,0.238454339845473),
'TAR010c-52-2' : (0.0526939682108476,  0.1053072822433),
'TAR010c-53-1' : ( 0.18612514248074,0.449399466582281),
'TAR010c-54-1' : (0.114200334617505,0.282760192562163),
'TAR010c-55-1' : (0.241955948512882,0.518358579086875),
'TAR010c-57-1' : (0.337945125669743,0.369389068884475),
'TAR010c-57-2' : (  0.1253205609133,0.223414417225662),
'TAR010c-58-1' : (0.143537680280749,0.160402273710019),
'TAR010c-58-2' : (0.131248966905983,0.226991528005784),
'TAR010c-58-3' : (0.251369252528246,0.539765950442705),
'TAR010c-59-1' : (0.256709248820301,0.391656391971534),
'TAR010c-60-1' : (0.256427126478954,0.225497619270426),
'TAR010c-63-1' : (0.132893112652454,0.189982903196278),
'TAR010c-64-1' : (0.118775511490653,0.197946046657936)}
